1.0
0.9699799622770466
0.9269418790277816
0.864706333077018
0.7988782808326106
0.7453806739288232
0.705715576888675
0.6753995556369297
0.6546306842936946
0.6296052185536957
0.6094147318801599
0.5894329342614175
0.5704312615374298
0.5518648452559605
0.5346258216418708
0.5179974752082208
0.501337690941052
0.48565822526390806
0.4708017021729018
0.4560453213992869
0.4413990833093329
0.42767281656505074
0.41439648909209575
0.40110885546245545
0.38840247887449464
0.37630962334482193
0.36441577698181665
0.35308910191216936
0.3423668415937138
0.33190668952471186
0.3211877636691601
0.3114858546373931
0.30206434098891294
0.29272866426760147
0.2836016489768101
0.27517423822729786
0.2673473178212004
0.2612965478178192
0.2518833583153333
0.2455425995933965
0.23898807989057885
0.23264646662248928
0.22682781561553064
0.221306968046881
0.2161373620591392
0.21107663650988756
0.206417640336654
0.20195489145559745
0.19743484027993816
0.19320205489016765
0.1891505863174282
0.18534031674565227
0.18160152072751187
0.17779460544554235
0.17408509109899264
0.17062023279167463
0.1673137749058515
0.16396592331230977
0.16062197757082808
0.15738990913049808
0.15442685972338488
0.1515989634290432
0.1488156043774623
0.14622796968704144
0.1358935617900461
0.12239985493772634
0.11269732753209298
0.10499566167751663
0.09890216212851127
0.09401733401996015
0.08935832440530005
0.0843347347144752
0.07616637518047749
0.06663773796271286
0.05694886430011398
0.04832650751751774
0.040885593014160546
0.033971093481736936
0.027150280239916752
0.0
